fov = 90
focal length = 453.176566
lenght half_diag = 453.176566
pixel00 (-400.000000, 213.000000, 453.176566, 1.000000)
cam_coordinations = (0.000000, 0.000000, 0.000000, 1.000000)
cam_orientation = (0.000000, 0.000000, 1.000000, 0.000000)
-0.440571 0.881143 99.828289 1.000000
0.236260
-0.219730 0.878922 99.576662 1.000000
0.442421
0.000000 0.878440 99.522148 1.000000
0.452967
0.219730 0.878922 99.576662 1.000000
0.354874
0.440571 0.881143 99.828289 1.000000
0.062438
-0.659608 0.659608 99.639675 1.000000
0.467339
-0.438628 0.657941 99.387857 1.000000
0.675557
-0.219073 0.657220 99.278842 1.000000
0.741202
0.000000 0.657003 99.246112 1.000000
0.730013
0.219073 0.657220 99.278842 1.000000
0.652885
0.438628 0.657941 99.387857 1.000000
0.499491
0.659608 0.659608 99.639675 1.000000
0.205180
-0.881143 0.440571 99.828289 1.000000
0.323619
-0.657941 0.438628 99.387857 1.000000
0.719765
-0.437864 0.437864 99.214793 1.000000
0.850280
-0.218740 0.437480 99.127782 1.000000
0.894108
0.000000 0.437360 99.100714 1.000000
0.877171
0.218740 0.437480 99.127782 1.000000
0.805391
0.437864 0.437864 99.214793 1.000000
0.673308
0.657941 0.438628 99.387857 1.000000
0.455665
0.881143 0.440571 99.828289 1.000000
-0.878922 0.219730 99.576662 1.000000
0.574309
-0.657220 0.219073 99.278842 1.000000
0.829829
-0.437480 0.218740 99.127782 1.000000
0.938583
-0.218566 0.218566 99.048970 1.000000
0.974251
0.000000 0.218511 99.024166 1.000000
0.954991
0.218566 0.218566 99.048970 1.000000
0.885324
0.437480 0.218740 99.127782 1.000000
0.761149
0.657220 0.219073 99.278842 1.000000
0.564874
0.878922 0.219730 99.576662 1.000000
0.224118
-0.878440 0.000000 99.522148 1.000000
0.628947
-0.657003 0.000000 99.246112 1.000000
0.862967
-0.437360 0.000000 99.100714 1.000000
0.966116
-0.218511 0.000000 99.024166 1.000000
0.999527
0.000000 0.000000 99.000000 1.000000
0.979608
0.218511 0.000000 99.024166 1.000000
0.910533
0.437360 0.000000 99.100714 1.000000
0.788538
0.657003 0.000000 99.246112 1.000000
0.597754
0.878440 0.000000 99.522148 1.000000
0.278198
-0.878922 -0.219730 99.576662 1.000000
0.574309
-0.657220 -0.219073 99.278842 1.000000
0.829829
-0.437480 -0.218740 99.127782 1.000000
0.938583
-0.218566 -0.218566 99.048970 1.000000
0.974251
0.000000 -0.218511 99.024166 1.000000
0.954991
0.218566 -0.218566 99.048970 1.000000
0.885324
0.437480 -0.218740 99.127782 1.000000
0.761149
0.657220 -0.219073 99.278842 1.000000
0.564874
0.878922 -0.219730 99.576662 1.000000
0.224118
-0.881143 -0.440571 99.828289 1.000000
0.323619
-0.657941 -0.438628 99.387857 1.000000
0.719765
-0.437864 -0.437864 99.214793 1.000000
0.850280
-0.218740 -0.437480 99.127782 1.000000
0.894108
0.000000 -0.437360 99.100714 1.000000
0.877171
0.218740 -0.437480 99.127782 1.000000
0.805391
0.437864 -0.437864 99.214793 1.000000
0.673308
0.657941 -0.438628 99.387857 1.000000
0.455665
0.881143 -0.440571 99.828289 1.000000
-0.659608 -0.659608 99.639675 1.000000
0.467339
-0.438628 -0.657941 99.387857 1.000000
0.675557
-0.219073 -0.657220 99.278842 1.000000
0.741202
0.000000 -0.657003 99.246112 1.000000
0.730013
0.219073 -0.657220 99.278842 1.000000
0.652885
0.438628 -0.657941 99.387857 1.000000
0.499491
0.659608 -0.659608 99.639675 1.000000
0.205180
-0.440571 -0.881143 99.828289 1.000000
0.236260
-0.219730 -0.878922 99.576662 1.000000
0.442421
0.000000 -0.878440 99.522148 1.000000
0.452967
0.219730 -0.878922 99.576662 1.000000
0.354874
0.440571 -0.881143 99.828289 1.000000
0.062438
